omega_0 = 0;
G_0 = db2mag(87.3);

tau_p1 = 1.65*1e-3;
tau_p2 = 1.65*1e-3;
tau_z1 = 165*1e-6;
tau_z2 = 165*1e-6;
pi = 3.14159265;